['#100', '#115', '#120', '#159', '#162', '#31', '#59', '#6', '#72', '#87']
['#100', '#115', '#120', '#159', '#162', '#31', '#59', '#6', '#72', '#87']
Lista errorow:  ['#1', '#100', '#115', '#120', '#159', '#162', '#211', '#31', '#59', '#6', '#72', '#87']
Lista errorow:  ['#1', '#100', '#115', '#120', '#159', '#162', '#211', '#31', '#59', '#6', '#72', '#87']
Lista errorow:  ['#1', '#100', '#115', '#120', '#159', '#162', '#211', '#31', '#59', '#6', '#72', '#87']
Lista połączen z errorem:
[1, 6, 31, 59, 72, 87, 100, 115, 120, 159, 162, 211, 212, 213, 214, 215, 216, 217, 218, 226, 227, 228, 229, 230, 236, 249]
[1, 6, 31, 59, 72, 87, 100, 115, 120, 159, 162, 211, 212, 213, 214, 215, 216, 217, 218, 226, 227, 228, 229, 230, 236, 249]
[1, 6, 31, 59, 72, 87, 100, 115, 120, 159, 162, 211, 212, 213, 214, 215, 216, 217, 218, 226, 227, 228, 229, 230, 236, 249]
[1, 6, 31, 59, 72, 87, 100, 115, 120, 159, 162]
[1, 6, 31, 59, 72, 87, 100, 115, 120, 159, 162]
[1, 6, 31, 59, 72, 87, 100, 115, 120, 159, 162]
[1, 6, 31, 59, 72, 87, 100, 115, 120, 159, 162]
[1, 6, 31, 59, 72, 87, 100, 115, 120, 159, 162]
[1, 6, 31, 59, 72, 87, 100, 115, 120, 159, 162]
[1, 6, 31, 59, 72, 87, 100, 115, 120, 159, 162]
[1, 6, 31, 59, 72, 87, 100, 115, 120, 159, 162]
[1, 6, 31, 59, 72, 87, 100, 115, 120, 159, 162]
[1, 6, 31, 59, 72, 87, 100, 115, 120, 159, 162]
[1, 6, 31, 59, 72, 87, 100, 115, 120, 159, 162]
[1, 6, 31, 59, 72, 87, 100, 115, 120, 159, 162]
[31, 59, 72, 87, 100, 115, 120, 159, 162, 211, 212, 213, 214, 215, 216, 217, 218, 226, 227, 228, 229, 230, 236, 249]
[31, 59, 72, 87, 100, 115, 120, 159, 162, 211, 212, 213, 214, 215, 216, 217, 218, 226, 227, 228, 229, 230, 236, 249]
[31, 59, 72, 87, 100, 115, 120, 159, 162, 211, 212, 213, 214, 215, 216, 217, 218, 226, 227, 228, 229, 230, 236, 249]
[31, 59, 72, 87, 100, 115, 120, 159, 162, 211, 212, 213, 214, 215, 216, 217, 218, 226, 227, 228, 229, 230, 236, 249]
[31, 59, 72, 87, 100, 115, 120, 159, 162, 211, 212, 213, 214, 215, 216, 217, 218, 226, 227, 228, 229, 230, 236, 249]
[31, 59, 72, 87, 100, 115, 120, 159, 162, 211, 212, 213, 214, 215, 216, 217, 218, 226, 227, 228, 229, 230, 236, 249]
[31, 59, 72, 87, 100, 115, 120, 159, 162, 211, 212, 213, 214, 215, 216, 217, 218, 226, 227, 228, 229, 230, 236, 249]
[31, 59, 72, 87, 100, 115, 120, 159, 162, 211, 212, 213, 214, 215, 216, 217, 218, 226, 227, 228, 229, 230, 236, 249]
[31, 59, 72, 87, 100, 115, 120, 159, 162, 211, 212, 213, 214, 215, 216, 217, 218, 226, 227, 228, 229, 230, 236, 249]
[31, 59, 72, 87, 100, 115, 120, 159, 162, 211, 212, 213, 214, 215, 216, 217, 218, 226, 227, 228, 229, 230, 236, 249]
[31, 59, 72, 87, 100, 115, 120, 159, 162, 211, 212, 213, 214, 215, 216, 217, 218, 226, 227, 228, 229, 230, 236, 249]
[1, 5, 120, 162, 211, 212, 214, 215, 216, 217, 218, 225, 226, 227, 229, 230, 236, 237, 238, 239, 240, 242, 243, 244, 245, 247, 248, 249, 252, 253, 254, 255, 256]
